      -.224486E+00
       .135366E+01
       .265331E+00
      -.176557E+01
       .136879E+01
       .113688E+01
       .156012E+01
       .315603E+01
       .258293E+01
       .335428E+01
       .236082E+01
       .375913E+01
       .267044E+01
      -.405508E+00
      -.861897E+00
       .181706E+00
      -.644573E+00
      -.898458E+00
      -.954637E+00
      -.792303E+00
      -.233164E+01
      -.321588E+01
      -.150791E+01
      -.178545E+01
      -.229936E+01
      -.447036E+00
      -.316525E+00
       .880467E+00
      -.731939E+00
      -.127188E+01
      -.527896E+00
      -.154693E+00
       .785412E+00
       .471850E+00
       .663872E+00
       .152548E+01
       .960157E+00
       .306896E+00
       .456483E-01
      -.113032E+01
      -.769983E+00
       .362681E+00
       .187349E+01
       .158640E+00
       .133917E+00
       .970135E+00
      -.253670E+00
       .141136E+01
      -.731829E+00
      -.106559E+01
       .192005E+00
       .320686E+00
      -.432843E+00
      -.145480E+01
      -.167525E+01
      -.218027E+01
      -.145608E+01
       .619302E-01
      -.165305E+01
       .207955E-01
       .100284E+01
      -.841853E+00
      -.303170E+01
      -.312984E+01
      -.124002E+01
      -.971795E+00
      -.632573E+00
      -.710798E+00
      -.649593E+00
      -.678462E-01
       .104738E+00
      -.522832E+00
      -.102565E+01
      -.121516E+00
      -.777836E+00
      -.267429E+01
      -.156374E+01
      -.136543E+01
      -.108066E+01
       .366835E+00
       .316606E+00
       .561505E-01
       .194651E+01
       .284372E+00
      -.179478E+01
      -.210623E+01
       .218842E-01
       .113695E+01
       .127168E+01
       .145650E+01
       .941547E+00
       .289276E-02
      -.195223E+00
       .523433E+00
       .105233E+01
       .400428E-01
      -.537026E+00
      -.540434E+00
      -.203530E+00
       .731025E+00
