      -.101997E+01
       .278967E+01
       .187657E+01
       .153468E+01
       .329192E+01
       .320843E+01
       .288213E+01
       .116905E+01
       .252486E+01
       .244407E+01
       .423620E+00
      -.112672E+00
       .324011E+00
      -.181789E+01
      -.305654E+01
      -.697225E+00
      -.102958E+01
      -.111063E+00
      -.159911E+01
      -.195021E+01
      -.904525E+00
      -.471625E+00
      -.191450E+01
      -.582719E+00
      -.730967E+00
       .514379E+00
       .650524E+00
       .429151E+00
       .300981E+01
       .102752E+01
       .155541E+01
       .827984E+00
      -.228309E+00
       .126550E+01
      -.982072E+00
       .677732E+00
       .641299E+00
       .261184E+01
      -.233594E-01
       .116138E+01
       .441490E+00
       .300606E-01
      -.345006E-01
       .218739E+00
      -.946417E+00
      -.592365E+00
       .618139E+00
      -.621344E+00
       .626270E+00
      -.203162E+00
      -.947626E+00
       .122852E+01
      -.182505E+00
       .111055E+01
       .847653E+00
       .272708E+01
       .189308E+01
       .244037E+01
       .310499E+01
       .376082E+01
       .253837E+01
       .134384E+01
       .252150E+01
       .380006E+01
       .396357E+01
       .393278E+01
       .456077E+01
       .305864E+01
       .197918E+01
       .129461E+01
       .185570E+01
       .378419E+01
       .203684E+01
       .111990E+01
       .457439E+00
       .193700E+01
       .205858E+01
       .232911E+01
       .232133E+01
       .231867E+01
       .156547E+01
       .160856E+01
       .310904E+01
       .895886E+00
       .642669E-01
      -.236679E+00
      -.270868E+01
      -.189167E+01
      -.446765E+01
      -.418320E+01
      -.320278E+01
      -.279898E+01
      -.100473E+01
      -.134963E+01
      -.844326E+00
       .185353E+01
       .759890E+00
       .112479E+01
       .964589E+00
       .552268E+00
